62603,
54883,
63535,
51464,
46036,
41569,
65711,
49798,
34504,
44784,
47371,
39766,
21123,
38880,
55039,
57514,
43956,
57288,
48837,
47369,
60075,
32484,
2007,
41645,
63299,
41831,
37448,
55607,
40908,
42455,
50442,
59684,
20668,
55787,
71780,
35940,
65511,
54418,
56006,
46815,
55091,
44516,
33268,
56287,
49819,
52730,
66512,
50691,
29514,
53233,
46904,
48547,
50888,
55414,
48262,
47055,
39856,
38198,
59146,
55440,
21192,
46048,
52699,
43181,
30799,
58947,
45977,
47169,
49808,
48680,
35464,
57216,
48486,
51632,
34272,
69228,
15978,
42485,
62302,
17772,
49345,
66023,
41922,
62186,
40352,
44064,
54180,
34451,
29619,
51573,
58411,
46928,
54447,
48050,
47608,
52532,
44144,
53182,
57294,
41316,
48713,
32537,
36331,
51428,
51814,
40758,
52798,
50357,
34202,
50423,
46431,
42348,
45983,
36624,
48507,
46053,
18772,
49968,
48724,
7379,
35263,
68704,
51160,
46763,
24167,
55744,
12639,
50039,
52905,
26600,
44288,
43160,
41710,
57618,
42794,
41722,
41036,
54213,
39897,
48939,
49181,
39172,
46203,
48058,
24612,
43641,
43901,
55331,
68474,
22069,
49414,
65553,
50557,
51123,
43701,
48028,
64819,
56837,
68254,
51464,
35191,
54076,
57147,
38074,
43956,
52987,
48928,
34425,
53164,
44666,
33290,
23143,
56937,
42247,
39277,
46425,
36029,
56544,
34495,
44002,
59155,
41629,
50542,
59227,
51344,
48688,
58698,
48916,
42939,
52204,
41352,
44583,
5832,
29190,
56780,
48216,
48621,
50049,
42100,
39681,
46972,
58112,
36860,
59200,
38223,
37451,
53982,
51278,
54970,
57584,
45949,
25704,
53829,
49481,
43584,
45011,
51968,
41182,
40778,
44676,
53542,
56914,
38300,
44837,
71481,
43967,
32671,
50565,
46470,
47710,
55249,
46711,
42177,
49239,
53461,
53283,
45727,
57332,
43323,
32784,
52989,
43047,
45931,
35241,
11047,
42585,
54645,
9068,
51850,
49515,
39393,
36713,
52795,
45708,
